# 1 represent the minority
# node, attribute
739 1
738 1
740 1
741 1
742 1
743 1
737 1
736 1
735 1
734 1
733 1
732 1
731 1
730 1
729 1
728 1
744 1
745 1
746 1
747 1
748 1
749 1
750 1
751 1
752 1
753 1
754 1
755 1
756 1
757 1
758 1
759 1
760 1
761 1
762 1
763 1
727 1
726 1
725 1
724 1
723 1
722 1
721 1
720 1
719 1
718 1
717 1
716 1
715 1
714 1
713 1
712 1
711 1
710 1
709 1
708 1
707 1
706 1
705 1
704 1
703 1
702 1
701 1
700 1
699 1
698 1
697 1
696 1
695 1
694 1
693 1
692 1
691 1
690 1
689 1
688 1
687 1
686 1
764 1
765 1
766 1
767 1
768 1
769 1
770 1
771 1
772 1
773 1
774 1
775 1
776 1
777 1
778 1
779 1
780 1
781 1
782 1
783 1
784 1
785 1
786 1
787 1
788 1
789 1
790 1
791 1
792 1
793 1
794 1
795 1
796 1
797 1
798 1
799 1
800 1
801 1
802 1
803 1
804 1
805 1
806 1
807 1
808 1
809 1
810 1
811 1
812 1
813 1
814 1
815 1
816 1
817 1
818 1
819 1
820 1
821 1
822 1
823 1
824 1
825 1
826 1
827 1
828 1
829 1
830 1
831 1
832 1
833 1
834 1
835 1
836 1
837 1
838 1
839 1
840 1
841 1
842 1
843 1
844 1
845 1
846 1
847 1
848 1
849 1
850 1
685 1
684 1
683 1
682 1
681 1
680 1
679 1
678 1
677 1
676 1
675 1
674 1
673 1
672 1
671 1
670 1
669 1
668 1
667 1
666 1
665 1
664 1
663 1
662 1
661 1
660 1
659 1
658 1
657 1
656 1
655 1
654 1
653 1
652 1
651 1
650 1
649 1
648 1
647 1
646 1
645 1
644 1
643 1
642 1
641 1
640 1
639 1
638 1
637 1
636 1
635 1
634 1
633 1
632 1
631 1
630 1
629 1
628 1
627 1
626 1
625 1
624 1
623 1
622 1
621 1
620 1
619 1
618 1
617 1
616 1
615 1
614 1
613 1
612 1
611 1
610 1
609 1
608 1
607 1
606 1
605 1
604 1
603 1
602 1
601 1
600 1
599 1
598 1
597 1
596 1
595 1
594 1
593 1
592 1
591 1
590 1
589 1
588 1
587 1
586 1
585 1
584 1
583 1
582 1
581 1
580 1
579 1
578 1
577 1
576 1
575 1
574 1
573 1
572 1
571 1
570 1
569 1
568 1
567 1
566 1
565 1
564 1
563 1
562 1
561 1
560 1
559 1
558 1
557 1
556 1
555 1
554 1
553 1
552 1
551 1
550 1
549 1
548 1
547 1
546 1
545 1
544 1
543 1
542 1
541 1
540 1
539 1
538 1
537 1
536 1
535 1
534 1
533 1
532 1
531 1
530 1
529 1
528 1
527 1
526 1
525 1
524 1
523 1
522 1
521 1
520 1
519 1
518 1
517 1
516 1
851 1
852 1
853 1
854 1
855 1
856 1
857 1
858 1
859 1
860 1
861 1
862 1
863 1
864 1
865 1
866 1
867 1
868 1
869 1
870 1
871 1
872 1
873 1
874 1
875 1
876 1
877 1
878 1
879 1
880 1
881 1
882 1
883 1
884 1
885 1
886 1
887 1
888 1
889 1
890 1
891 1
892 1
893 1
894 1
895 1
896 1
897 1
898 1
899 1
900 1
901 1
902 1
903 1
904 1
905 1
906 1
907 1
908 1
909 1
910 1
911 1
912 1
913 1
914 1
915 1
916 1
917 1
918 1
919 1
920 1
921 1
922 1
923 1
924 1
925 1
926 1
927 1
928 1
929 1
930 1
931 1
932 1
933 1
934 1
935 1
936 1
937 1
938 1
939 1
940 1
941 1
942 1
943 1
944 1
945 1
946 1
947 1
948 1
949 1
950 1
951 1
952 1
953 1
954 1
955 1
956 1
957 1
958 1
959 1
960 1
961 1
962 1
963 1
964 1
965 1
966 1
967 1
968 1
969 1
970 1
971 1
972 1
973 1
974 1
975 1
976 1
977 1
978 1
979 1
980 1
981 1
982 1
983 1
984 1
985 1
986 1
987 1
988 1
989 1
990 1
991 1
992 1
993 1
994 1
995 1
996 1
997 1
998 1
999 1
1000 1
1001 1
1002 1
1003 1
1004 1
1005 1
1006 1
1007 1
1008 1
1009 1
1010 1
1011 1
1012 1
1013 1
1014 1
1015 1
1016 1
1017 1
1018 1
1019 1
1020 1
1021 1
1022 1
1023 1
1024 1
1025 1
1026 1
1027 1
1028 1
1029 1
1030 1
1031 1
1032 1
1033 1
1034 1
1035 1
1036 1
1037 1
1038 1
1039 1
1040 1
1041 1
1042 1
1043 1
1044 1
1045 1
1046 1
1047 1
1048 1
1049 1
1050 1
1051 1
1052 1
1053 1
1054 1
1055 1
1056 1
1057 1
1058 1
1059 1
1060 1
1061 1
1062 1
1063 1
1064 1
1065 1
1066 1
1067 1
1068 1
1069 1
1070 1
1071 1
1072 1
1073 1
1074 1
1075 1
1076 1
1077 1
1078 1
1079 1
1080 1
1081 1
1082 1
1083 1
1084 1
1085 1
1086 1
1087 1
1088 1
1089 1
1090 1
1091 1
1092 1
1093 1
1094 1
1095 1
1096 1
1097 1
1098 1
1099 1
1100 1
1101 1
1102 0
1103 0
1104 0
1105 0
1106 0
1107 0
1108 0
1109 0
1110 0
1111 0
1112 0
1113 0
1114 0
1115 0
1116 0
1117 0
1118 0
1119 0
1120 0
1121 0
1122 0
1123 0
1124 0
1125 0
1126 0
1127 0
1128 0
1129 0
1130 0
1131 0
1132 0
1133 0
1134 0
1135 0
1136 0
1137 0
1138 0
1139 0
1140 0
1141 0
1142 0
1143 0
1144 0
1145 0
1146 0
1147 0
1148 0
1149 0
1150 0
1151 0
1152 0
1153 0
1154 0
1155 0
1156 0
1157 0
1158 0
1159 0
1160 0
1161 0
1162 0
1163 0
1164 0
1165 0
1166 0
1167 0
1168 0
1169 0
1170 0
1171 0
1172 0
1173 0
1174 0
1175 0
1176 0
1177 0
1178 0
1179 0
1180 0
1181 0
1182 0
1183 0
1184 0
1185 0
1186 0
1187 0
1188 0
1189 0
1190 0
1191 0
1192 0
1193 0
1194 0
1195 0
1196 0
1197 0
1198 0
1199 0
1200 0
1201 0
1202 0
1203 0
1204 0
1205 0
1206 0
1207 0
1208 0
1209 0
1210 0
1211 0
1212 0
1213 0
1214 0
1215 0
1216 0
1217 0
1218 0
1219 0
1220 0
1221 0
515 0
514 0
513 0
512 0
511 0
510 0
509 0
508 0
507 0
506 0
505 0
504 0
503 0
502 0
501 0
500 0
499 0
498 0
497 0
496 0
495 0
494 0
493 0
492 0
491 0
490 0
489 0
488 0
487 0
486 0
485 0
484 0
483 0
482 0
481 0
480 0
479 0
478 0
477 0
476 0
475 0
474 0
473 0
472 0
471 0
470 0
469 0
468 0
467 0
466 0
465 0
464 0
463 0
462 0
461 0
460 0
459 0
458 0
457 0
456 0
455 0
454 0
453 0
452 0
451 0
450 0
449 0
448 0
447 0
446 0
445 0
444 0
443 0
442 0
441 0
440 0
439 0
438 0
437 0
436 0
435 0
434 0
433 0
432 0
431 0
430 0
429 0
428 0
427 0
426 0
425 0
424 0
423 0
422 0
421 0
420 0
419 0
418 0
417 0
416 0
415 0
414 0
413 0
412 0
411 0
410 0
409 0
408 0
407 0
406 0
405 0
404 0
403 0
402 0
401 0
400 0
399 0
398 0
397 0
396 0
395 0
394 0
393 0
392 0
391 0
390 0
389 0
388 0
387 0
386 0
385 0
384 0
383 0
382 0
381 0
380 0
379 0
378 0
377 0
376 0
375 0
374 0
373 0
372 0
371 0
370 0
369 0
368 0
367 0
366 0
365 0
364 0
363 0
362 0
361 0
360 0
359 0
358 0
357 0
356 0
355 0
354 0
353 0
352 0
351 0
350 0
349 0
348 0
347 0
346 0
345 0
344 0
343 0
342 0
341 0
340 0
339 0
338 0
337 0
336 0
335 0
334 0
333 0
332 0
331 0
330 0
329 0
328 0
327 0
326 0
325 0
324 0
323 0
322 0
321 0
320 0
319 0
318 0
317 0
316 0
315 0
314 0
313 0
312 0
311 0
310 0
309 0
308 0
307 0
306 0
305 0
304 0
303 0
302 0
301 0
300 0
299 0
298 0
297 0
296 0
295 0
294 0
293 0
292 0
291 0
290 0
289 0
288 0
287 0
286 0
285 0
284 0
283 0
282 0
281 0
280 0
279 0
278 0
277 0
276 0
275 0
274 0
273 0
272 0
271 0
270 0
269 0
268 0
267 0
266 0
265 0
264 0
263 0
262 0
261 0
260 0
259 0
258 0
257 0
256 0
255 0
254 0
253 0
252 0
251 0
250 0
249 0
248 0
247 0
246 0
245 0
244 0
243 0
242 0
241 0
240 0
239 0
238 0
237 0
236 0
235 0
234 0
233 0
232 0
231 0
230 0
229 0
228 0
227 0
226 0
225 0
224 0
223 0
222 0
221 0
220 0
219 0
218 0
217 0
216 0
215 0
214 0
213 0
212 0
211 0
210 0
209 0
208 0
207 0
206 0
205 0
204 0
203 0
202 0
201 0
200 0
199 0
198 0
197 0
196 0
195 0
194 0
193 0
192 0
191 0
190 0
189 0
188 0
187 0
186 0
185 0
184 0
183 0
182 0
181 0
180 0
179 0
178 0
177 0
176 0
175 0
174 0
173 0
172 0
171 0
170 0
169 0
168 0
167 0
166 0
165 0
164 0
163 0
162 0
161 0
160 0
159 0
158 0
157 0
156 0
155 0
154 0
153 0
152 0
151 0
150 0
149 0
148 0
147 0
146 0
145 0
144 0
143 0
142 0
141 0
140 0
139 0
138 0
137 0
136 0
135 0
134 0
133 0
132 0
131 0
130 0
129 0
128 0
127 0
126 0
125 0
124 0
123 0
122 0
121 0
120 0
119 0
118 0
117 0
116 0
115 0
114 0
113 0
112 0
111 0
110 0
109 0
108 0
107 0
106 0
105 0
104 0
103 0
102 0
101 0
100 0
99 0
98 0
97 0
96 0
95 0
94 0
93 0
92 0
91 0
90 0
89 0
88 0
87 0
86 0
85 0
84 0
83 0
82 0
81 0
80 0
79 0
78 0
77 0
76 0
75 0
74 0
73 0
72 0
71 0
70 0
69 0
68 0
67 0
66 0
65 0
64 0
63 0
62 0
61 0
60 0
59 0
58 0
57 0
56 0
55 0
54 0
53 0
52 0
51 0
50 0
49 0
48 0
47 0
46 0
45 0
44 0
43 0
42 0
41 0
40 0
39 0
38 0
37 0
36 0
35 0
34 0
33 0
32 0
31 0
30 0
29 0
28 0
27 0
26 0
25 0
24 0
23 0
22 0
21 0
20 0
19 0
18 0
17 0
16 0
15 0
14 0
13 0
12 0
11 0
10 0
9 0
8 0
7 0
6 0
5 0
4 0
3 0
2 0
1 0
0 0
