# 1 represent the minority
# node, attribute
0 1
1 1
2 1
3 0
4 0
7 0
9 1
11 1
12 0
13 0
15 0
16 1
18 0
19 0
20 1
21 0
22 0
24 1
25 0
27 0
28 0
29 1
30 0
31 0
32 1
33 1
34 1
35 0
36 1
37 0
38 0
39 0
41 0
42 0
43 0
44 1
48 0
49 1
52 1
53 0
56 0
57 1
58 0
59 1
61 0
62 1
63 0
64 1
65 0
66 1
69 1
70 0
71 1
72 1
74 0
75 0
76 0
77 1
78 0
79 1
80 0
82 1
83 1
85 1
87 0
88 0
89 0
92 0
93 1
94 1
96 0
97 0
98 0
100 1
101 1
102 0
103 1
104 1
106 0
107 0
108 0
109 1
112 1
114 0
115 0
116 0
117 1
118 0
120 1
121 0
123 1
124 1
125 1
127 0
128 1
129 0
131 0
132 1
134 0
137 1
138 0
139 1
141 1
142 1
143 0
144 1
145 0
146 1
147 1
148 1
149 0
151 0
153 1
154 1
155 0
156 0
157 1
159 1
160 0
161 1
162 0
163 0
164 1
165 0
166 0
167 1
168 1
169 0
170 0
171 1
172 0
173 1
174 1
176 1
177 0
180 1
181 1
183 0
184 1
186 1
187 0
188 0
189 0
190 1
191 1
192 1
193 0
194 1
195 0
197 0
198 1
199 1
200 0
201 1
202 0
204 1
205 1
206 1
209 1
210 1
211 1
212 0
213 0
214 1
215 1
216 1
217 1
218 1
219 1
221 1
222 1
223 1
224 0
225 1
226 1
227 1
228 0
230 1
231 0
232 1
233 1
234 1
235 0
236 0
237 1
238 0
239 0
242 0
243 1
244 0
246 0
247 1
248 1
249 1
250 1
251 0
252 0
253 0
254 0
255 1
256 0
257 0
259 1
260 1
261 1
263 0
264 0
265 1
266 1
267 0
268 1
269 0
270 1
271 0
272 1
273 1
274 1
275 0
276 0
277 1
278 0
280 0
281 0
282 0
283 1
284 0
286 0
287 0
288 0
289 0
290 1
291 0
292 0
293 0
294 1
295 0
296 1
298 1
299 0
300 1
302 1
303 0
304 1
305 0
306 1
307 0
309 1
311 1
312 0
313 1
314 1
315 1
317 0
318 1
319 1
320 0
321 0
322 0
323 0
324 0
325 1
326 1
328 0
329 0
330 1
332 0
333 0
334 0
335 0
336 0
338 0
339 1
340 1
341 0
343 1
344 0
345 0
346 1
347 1
348 0
349 1
350 0
351 0
353 1
355 1
356 1
357 0
358 0
359 0
360 0
361 1
362 0
363 0
364 0
367 1
368 0
369 1
371 0
372 0
373 1
374 1
375 0
376 0
377 1
378 0
380 0
382 0
383 1
386 1
387 0
388 0
389 0
390 1
392 1
393 1
394 1
395 0
396 0
397 0
398 1
399 1
400 0
401 1
403 0
404 0
405 0
406 0
407 0
408 0
409 0
410 0
411 0
412 0
413 0
414 0
415 0
416 0
417 1
418 0
419 0
420 1
421 0
422 1
423 1
426 1
427 1
429 1
430 0
431 0
432 1
433 0
434 1
435 1
437 0
438 0
439 0
440 0
441 1
443 0
445 0
446 0
447 1
448 1
449 0
450 1
451 0
452 0
453 1
454 1
455 0
458 0
459 1
460 0
463 0
464 1
465 1
466 0
467 1
468 1
470 0
471 0
472 0
473 1
474 1
475 0
476 1
477 1
478 0
479 0
480 1
481 0
482 0
483 0
485 1
486 0
487 0
488 1
489 1
490 1
491 1
492 0
493 1
494 0
495 0
496 0
497 0
499 1
500 0
501 1
502 1
503 1
506 1
508 0
510 1
511 1
512 1
513 0
514 1
516 0
520 1
521 0
523 0
524 0
525 0
528 1
529 0
530 1
532 0
533 0
534 1
535 0
537 0
538 1
539 1
541 1
542 1
543 1
544 1
545 0
546 0
547 0
549 1
550 0
551 0
552 1
553 0
555 1
557 1
558 1
559 1
560 0
561 1
562 1
563 1
564 1
565 1
566 0
568 1
569 1
570 0
571 0
572 1
573 1
574 1
575 1
576 0
577 1
580 0
581 0
582 0
585 0
587 0
588 0
589 1
590 0
591 0
592 0
593 1
595 1
596 1
597 0
598 0
599 1
600 1
601 0
603 1
604 0
605 1
606 1
607 0
608 1
609 1
610 1
611 1
613 0
614 0
615 0
619 1
620 0
621 1
622 0
624 1
626 1
627 0
628 1
630 1
631 0
632 0
633 0
635 0
636 1
638 0
639 1
640 1
642 0
643 1
645 1
646 0
648 1
649 1
651 0
652 0
653 0
654 0
655 1
657 1
658 1
660 1
661 0
663 1
665 0
666 0
669 0
671 0
673 0
674 1
675 0
676 1
677 0
678 1
679 0
682 0
683 0
686 1
689 1
690 1
691 0
692 0
694 0
695 1
696 0
697 0
698 1
699 1
700 0
701 0
702 1
703 0
704 0
705 1
706 0
707 1
708 0
709 1
710 0
711 0
712 1
713 1
714 0
715 1
717 0
718 0
719 0
720 1
721 1
722 1
723 1
724 0
726 0
728 0
729 0
730 1
731 1
732 1
733 0
734 0
735 0
736 0
739 0
740 1
741 1
742 0
744 1
745 1
747 0
748 0
751 1
752 1
755 1
756 1
757 1
758 1
759 0
760 1
761 0
762 1
763 1
764 0
766 1
768 0
769 0
770 1
774 1
775 1
776 1
778 1
780 0
782 1
783 1
784 1
785 1
786 0
787 0
788 1
789 0
790 0
791 0
792 0
793 1
794 1
795 1
796 0
797 1
798 0
799 1
801 1
802 0
803 0
804 1
805 1
806 1
807 1
808 1
809 1
810 0
811 1
812 0
813 1
814 0
816 0
819 0
820 1
821 0
822 0
823 0
824 1
825 1
826 1
830 1
831 0
832 0
833 0
834 1
836 1
837 0
838 0
839 0
840 0
841 0
842 0
844 0
845 0
846 1
847 0
848 1
850 0
851 1
852 0
853 1
854 0
855 0
856 1
857 0
858 0
860 0
861 1
862 1
863 1
864 1
865 0
866 1
867 0
868 0
869 0
871 0
872 1
873 0
874 1
875 0
876 0
879 0
880 0
881 0
882 0
883 0
884 0
887 0
888 0
889 0
891 1
893 0
894 1
895 1
897 1
898 1
899 0
900 0
901 0
902 1
903 1
904 0
906 1
907 1
908 0
909 0
910 0
912 1
913 1
914 0
915 0
916 1
918 0
919 1
921 1
922 0
923 1
924 0
925 0
926 1
929 0
930 0
931 0
933 1
934 0
935 0
936 1
937 0
938 1
939 0
940 0
941 0
942 1
943 0
944 0
945 1
946 1
947 0
949 1
950 0
951 0
952 0
953 0
954 1
956 0
957 0
958 0
959 0
960 0
961 1
963 1
964 0
965 1
966 0
967 0
968 0
969 0
970 0
971 1
972 0
975 0
976 0
977 1
979 0
980 0
981 0
982 0
983 0
984 0
985 1
987 1
991 0
992 0
993 0
994 1
995 1
996 0
997 1
998 0
999 0
1000 0
1001 1
1003 0
1004 1
1005 1
1006 1
1007 0
1008 1
1009 1
1010 1
1012 1
1013 1
1014 1
1015 0
1016 1
1017 0
1018 1
1019 1
1020 1
1022 1
1023 0
1024 0
1025 0
1026 1
1027 1
1028 0
1030 0
1031 1
1032 1
1034 1
1036 0
1037 0
1038 1
1039 0
1040 0
1041 0
1042 0
1043 1
1044 0
1045 0
1046 1
1047 1
1048 1
1050 1
1051 0
1052 1
1053 0
1054 1
1056 1
1057 0
1058 1
1059 0
1060 1
1062 0
1063 0
1064 1
1065 1
1066 0
1067 0
1068 1
1069 0
1070 0
1071 0
1072 0
1073 0
1074 0
1076 0
1077 1
1078 0
1079 1
1080 1
1081 0
1084 1
1085 1
1086 1
1087 0
1089 0
1090 0
1091 1
1092 1
1093 1
1094 1
1095 0
1096 0
1097 1
1098 1
1100 1
1101 1
1102 1
1104 0
1105 0
1108 1
1109 0
1110 1
1111 1
1112 1
1113 1
1114 0
1115 0
1116 0
1117 1
1118 0
1120 0
1121 1
1122 1
1123 1
1124 0
1125 1
1126 0
1127 0
1128 1
1129 0
1130 0
1131 1
1132 0
1133 1
1134 0
1135 1
1136 1
1137 1
1138 1
1139 1
1141 0
1144 1
1145 0
1146 0
1147 1
1148 1
1150 1
1151 0
1153 1
1154 1
1156 0
1157 1
1159 0
1160 1
1162 0
1163 1
1164 1
1165 0
1166 1
1167 0
1172 1
1173 1
1175 1
1176 1
1177 0
1178 0
1179 0
1180 0
1181 1
1182 0
1183 0
1184 1
1186 0
1187 0
1188 0
1189 1
1190 1
1191 0
1192 0
1193 0
1194 0
1197 0
1198 0
1200 0
1201 0
1203 0
1204 0
1205 0
1206 0
1208 1
1210 1
1211 0
1212 0
1213 1
1216 1
1217 0
1218 1
1219 0
1220 0
1221 1
1222 1
1223 1
1224 0
1225 1
1226 1
1228 0
1229 1
1230 0
1231 0
1232 1
1233 0
1234 1
1235 0
1237 0
1238 1
1239 0
1240 0
1242 0
1243 0
1244 1
1246 0
1247 1
1248 0
1249 0
1250 0
1251 1
1253 1
1254 1
1255 0
1256 0
1257 0
1260 1
1261 0
1262 0
1264 1
1266 1
1267 0
1268 1
1269 1
1271 1
1272 0
1273 0
1274 1
1275 0
1276 0
1277 0
1278 1
1279 1
1280 0
1282 0
1283 0
1284 1
1285 1
1286 1
1287 0
1288 0
1289 0
1290 0
1291 1
1292 1
1293 1
1294 1
1295 1
1296 0
1297 0
1298 0
1299 1
1300 0
1301 1
1302 0
1303 0
1304 0
1305 0
1306 0
1307 0
1309 1
1310 0
1311 0
1312 0
1313 1
1315 1
1316 0
1317 1
1318 1
1320 1
1321 0
1322 0
1323 0
1324 1
1325 0
1327 0
1328 0
1329 0
1330 0
1332 0
1334 0
1336 1
1337 0
1338 1
1339 0
1340 1
1341 0
1344 0
1345 0
1346 0
1347 0
1348 1
1349 0
1350 1
1351 1
1352 0
1353 0
1354 0
1355 1
1356 1
1357 1
1358 1
1359 0
1360 1
1362 0
1363 0
1364 1
1367 1
1368 0
1369 0
1371 0
1372 0
1374 0
1375 1
1376 1
1377 0
1379 0
1380 0
1382 1
1383 0
1384 1
1385 0
1386 0
1387 1
1388 1
1389 1
1390 1
1392 1
1393 0
1395 1
1396 1
1397 1
1398 0
1399 1
1400 1
1401 0
1402 0
1403 0
1404 0
1405 0
1406 0
1407 0
1408 1
1409 0
1411 0
1412 1
1415 0
1416 0
1417 0
1419 0
1421 0
1422 0
1423 1
1424 1
1425 0
1426 1
1427 1
1428 0
1429 1
1431 0
1432 1
1433 0
1434 1
1435 1
1436 1
1437 0
1438 0
1439 0
1440 1
1442 1
1443 1
1444 0
1445 0
1446 0
1447 0
1449 0
1450 1
1451 1
1452 0
1453 1
1454 1
1455 1
1456 0
1457 0
1458 0
1459 1
1460 0
1461 1
1462 0
1463 1
1464 0
1466 0
1467 1
1468 0
1469 0
1470 1
1471 1
1472 1
1473 0
1474 0
1475 1
1476 0
1478 0
1479 0
1481 1
1482 0
1483 1
1484 1
1485 1
1486 1
1487 0
1488 1
1489 0
1490 1
1491 1
1492 0
1493 0
1494 0
1495 0
1496 1
1497 0
1498 0
1499 0
1501 0
1502 1
1504 0
1505 0
1506 1
1507 1
1508 0
1509 0
1510 1
1511 1
1512 1
1513 0
1515 1
1516 0
1517 0
1518 1
1519 0
1520 1
1521 1
1526 0
1527 0
1529 0
1530 1
1531 0
1532 1
1533 1
1534 0
1535 1
1536 1
1537 0
1538 1
1539 0
1540 0
1541 1
1542 0
1543 0
1544 0
1545 1
1546 0
1547 0
1549 1
1550 0
1551 0
1553 1
1555 0
1556 0
1557 1
1558 0
1559 0
1560 0
1561 0
1562 0
1563 0
1565 1
1568 0
1571 0
1572 1
1573 1
1575 0
1576 0
1577 0
1578 0
1581 0
1582 1
1583 0
1584 0
1586 0
1587 1
1588 0
1589 1
1591 1
1592 1
1593 0
1594 1
1596 0
1597 1
1598 1
1600 1
1602 0
1603 1
1604 1
1605 1
1606 1
1607 0
1608 1
1610 0
1611 1
1612 1
1613 1
1614 0
1615 0
1616 1
1618 0
1619 0
1620 1
1621 0
1622 0
1623 1
1624 0
1625 0
1626 0
1628 1
1629 1
1630 1
1631 0
1632 1
1633 1
1634 1
1635 0
1636 0
1637 1
1639 1
1640 1
1641 1
1642 1
1643 0
1644 1
1645 1
1646 0
1647 1
1649 1
1650 1
1651 1
1652 1
1653 1
1655 0
1656 0
1657 1
1658 0
1660 1
1661 0
1662 0
1663 1
1664 0
1666 1
1667 0
1668 1
1669 1
1670 0
1671 0
1672 1
1673 0
1674 0
1675 1
1676 1
1677 0
1678 0
1679 1
1682 0
1683 1
1684 0
1685 0
1686 1
1687 0
1689 1
1690 1
1692 0
1693 0
1694 0
1695 1
1696 0
1698 0
1699 0
1700 0
1701 1
1702 0
1705 0
1706 0
1708 0
1709 1
1710 1
1711 0
1712 0
1713 0
1714 1
1716 0
1717 1
1718 1
1719 1
1721 0
1722 0
1723 0
1724 0
1725 0
1726 0
1727 0
1729 0
1730 1
1731 1
1732 1
1733 0
1734 1
1736 1
1737 1
1738 1
1740 0
1741 1
1742 1
1743 0
1744 1
1745 1
1746 1
1747 1
1748 0
1750 1
1751 1
1752 1
1753 1
1755 1
1756 1
1757 1
1758 1
1759 0
1760 0
1761 1
1762 0
1764 1
1765 0
1766 0
1767 0
1768 0
1769 0
1770 0
1771 0
1772 0
1773 0
1775 0
1776 0
1778 1
1779 1
1780 0
1781 0
1782 1
1783 0
1784 1
1785 0
1786 1
1787 0
1788 0
1789 1
1790 1
1791 1
1793 1
1794 0
1795 1
1796 0
1797 0
1799 0
1801 0
1802 1
1803 0
1808 1
1809 0
1811 1
1812 0
1813 0
1814 0
1815 1
1816 0
1817 0
1818 0
1819 1
1822 1
1823 0
1824 0
1825 1
1826 1
1827 0
1829 1
1830 0
1833 1
1834 0
1835 1
1838 0
1839 1
1840 0
1841 1
1842 0
1843 0
1844 0
1846 0
1847 1
1848 1
1849 0
1850 1
1851 0
1853 0
1854 0
1859 1
1861 0
1862 0
1863 0
1864 0
1865 0
1866 1
1867 0
1868 0
1869 0
1870 1
1872 0
1873 1
1874 1
1875 0
1877 1
1879 0
1880 1
1882 0
1883 0
1884 1
1885 1
1886 0
1887 0
1889 1
1891 0
1892 1
1893 1
1894 1
1896 0
1897 0
1898 0
1899 1
1900 0
1901 0
1902 1
1903 0
1904 0
1905 1
1906 1
1907 0
1909 1
1910 0
1911 1
1912 1
1913 1
1914 1
1915 1
1916 0
1917 1
1918 1
1919 0
1920 0
1921 1
1922 0
1923 0
1924 1
1925 1
1926 1
1927 1
1929 0
1930 0
1931 1
1932 1
1933 0
1934 0
1936 1
1937 0
1938 0
1940 1
1941 1
1942 0
1943 0
1944 1
1946 0
1947 0
1950 0
1951 1
1953 1
1954 0
1955 0
1956 1
1957 1
1958 1
1959 0
1960 0
1962 0
1963 0
1967 1
1968 1
1969 0
1971 1
1972 1
1973 1
1974 0
1975 0
1976 0
1979 0
1980 1
1981 1
1982 1
1983 1
1984 1
1986 0
1987 1
1988 0
1989 1
1990 1
1991 0
1992 0
1993 0
1994 1
1995 1
1997 0
1998 1
1999 0
2000 1
2001 1
2002 0
2003 1
2004 1
2005 0
2006 0
2008 1
2009 1
2010 0
2011 1
2012 0
2013 0
2014 1
2015 0
2016 0
2017 0
2018 0
2020 0
2021 0
2022 0
2023 1
2024 0
2025 1
2027 0
2029 1
2030 1
2031 1
2032 0
2033 1
2034 1
2035 1
2036 0
2037 1
2038 1
2039 0
2040 0
2041 1
2042 0
2043 1
2045 1
2047 0
2048 1
2049 0
2050 1
2051 0
2052 1
2053 1
2054 0
2056 0
2057 0
2060 1
2061 0
2063 1
2064 0
2065 0
2066 0
2067 0
2068 1
2069 0
2070 1
2071 0
2072 1
2073 0
2074 1
2075 0
2076 1
2077 1
2079 1
2080 1
2082 0
2083 0
2084 1
2085 0
2086 1
2088 0
2089 0
2090 1
2091 1
2092 1
2093 0
2094 0
2095 1
2096 0
2097 0
2098 0
2099 1
2100 0
2101 0
2103 0
2104 1
2105 0
2106 1
2107 0
2108 0
2109 1
2111 1
2113 0
2114 1
2115 1
2117 0
2118 1
2120 1
2122 0
2123 0
2125 1
2126 1
2127 1
2128 0
2129 1
2130 0
2132 1
2133 0
2135 1
2136 1
2138 0
2140 0
2141 1
2142 1
2143 1
2144 1
2145 1
2146 0
2147 1
2148 0
2150 1
2152 0
2153 1
2154 0
2156 0
2158 0
2160 1
2161 1
2162 1
2163 1
2164 1
2165 0
2167 0
2169 0
2170 0
2171 0
2172 1
2173 0
2174 0
2175 0
2176 1
2178 0
2180 0
2181 0
2183 1
2184 0
2185 0
2186 0
2187 0
2188 0
2189 1
2191 1
2192 0
2193 1
2194 1
2196 1
2199 0
2200 1
2201 0
2202 0
2203 0
2204 0
2205 1
2206 1
2208 0
2209 0
2210 1
2211 1
2213 1
2214 1
2215 1
2216 1
2217 0
2218 0
2220 1
2223 0
2224 1
2225 1
2226 0
2227 0
2229 1
2230 1
2231 1
2232 0
2233 1
2234 0
2235 0
2236 0
2237 1
2238 0
2239 1
2240 1
2241 0
2242 0
2243 0
2244 1
2245 1
2246 1
2247 1
2248 1
2249 0
2251 0
2252 1
2253 1
2254 0
2255 1
2256 0
2257 0
2258 0
2260 1
2261 0
2262 0
2263 0
2264 0
2266 0
2269 0
2270 0
2271 0
2272 0
2273 1
2274 1
2275 1
2276 0
2277 1
2278 1
2279 1
2280 1
2281 0
2283 0
2284 0
2286 0
2287 1
2289 1
2290 1
2291 0
2292 1
2293 0
2296 0
2297 1
2298 1
2299 0
2300 0
2301 1
2302 1
2304 1
2305 0
2308 1
2309 0
2310 0
2312 1
2313 0
2314 1
2315 1
2316 1
2317 0
2318 0
2320 1
2321 0
2322 1
2324 1
2325 1
2327 0
2328 0
2329 0
2330 0
2331 0
2332 0
2333 0
2334 1
2335 1
2338 0
2339 0
2341 0
2344 0
2345 1
2346 0
2347 0
2348 0
2349 0
2350 1
2351 1
2352 1
2354 1
2355 1
2356 1
2357 1
2358 0
2359 0
2360 1
2361 1
2362 0
2363 1
2364 0
2365 1
2366 0
2367 1
2368 0
2370 1
2371 1
2372 1
2373 1
2374 0
2375 1
2377 0
2378 1
2379 1
2381 0
2383 1
2384 1
2385 0
2386 0
2387 0
2388 0
2389 1
2390 0
2391 1
2392 1
2393 1
2394 1
2395 1
2396 0
2397 0
2399 1
2400 1
2401 1
2402 0
2403 1
2404 1
2405 1
2406 1
2408 0
2409 0
2410 0
2411 1
2412 0
2413 0
2414 1
2415 1
2417 0
2418 1
2419 1
2420 0
2421 0
2422 0
2425 0
2426 0
2427 0
2428 1
2429 0
2430 0
2431 0
2432 0
2434 1
2435 1
2437 1
2438 1
2440 1
2441 0
2442 0
2443 1
2444 0
2445 1
2446 0
2447 1
2448 1
2449 0
2450 1
2451 0
2452 1
2453 1
2455 1
2457 1
2458 0
2460 0
2461 0
2462 1
2463 1
2464 1
2465 0
2467 0
2468 1
2469 0
2470 1
2471 1
2474 0
2475 1
2476 1
2478 1
2479 1
2480 0
2481 0
2483 1
2484 0
2485 0
2486 1
2487 1
2488 0
2491 1
2492 0
2494 0
2495 1
2496 0
2497 1
2498 0
2499 0
2500 1
2501 1
2502 0
2503 1
2505 0
2506 1
2507 0
2508 0
2509 1
2510 1
2511 1
2512 0
2513 1
2514 1
2515 0
2516 1
2517 0
2518 0
2519 1
2520 1
2521 1
2522 0
2523 0
2524 0
2525 1
2526 1
2527 1
2528 1
2529 0
2530 1
2531 1
2532 0
2533 1
2534 0
2535 1
2536 1
2537 0
2539 0
2540 0
2541 0
2542 1
2544 1
2545 0
2546 0
2547 1
2548 0
2549 0
2551 1
2552 1
2553 0
2554 1
2555 1
2556 0
2557 0
2558 1
2559 1
2560 0
2561 0
2562 0
2563 0
2564 1
2566 1
2567 1
2568 0
2569 0
2570 1
2574 1
2575 1
2576 0
2577 0
2578 1
2579 0
2580 0
2581 1
2582 1
2583 1
2584 0
2585 0
2586 1
2587 1
2588 0
2590 1
2591 0
2592 0
2596 1
2598 1
2599 0
2601 0
2602 0
2603 0
2604 1
2605 1
2606 0
2607 0
2608 0
2610 1
2611 1
2612 1
2613 0
2614 0
2615 0
2616 0
2617 1
2618 0
2619 1
2620 1
2622 1
2623 0
2624 1
2625 0
2626 1
2627 0
2628 1
2629 0
2630 0
2631 0
2632 0
2633 0
2634 1
2635 0
2637 0
2638 1
2639 0
2640 1
2641 0
2642 1
2643 1
2644 1
2646 1
2647 0
2648 0
2649 1
2650 0
2651 0
2653 0
2654 1
2655 1
2656 0
2657 1
2661 0
2662 1
2663 0
2664 1
2665 1
2666 1
2667 0
2668 0
2670 0
2671 1
2672 0
2673 1
2674 0
2675 0
2676 0
2677 1
2678 0
2679 0
2680 1
2682 0
2683 0
2684 0
2686 0
2687 0
2688 0
2689 1
2690 1
2691 0
2692 0
2694 0
2695 1
2696 1
2697 1
2699 0
2700 0
2702 1
2703 0
2705 0
2706 0
2707 0
2708 0
2709 0
2710 0
2712 1
2713 1
2714 0
2715 1
2716 0
2717 0
2718 0
2719 1
2720 0
2721 0
2722 1
2723 0
2724 0
2725 1
2726 0
2728 0
2729 0
2730 0
2731 0
2732 0
2734 0
2735 0
2736 1
2737 0
2738 0
2740 1
2742 0
2743 0
2745 1
2746 0
2747 1
2748 0
2750 1
2751 1
2752 0
2754 0
2755 1
2756 0
2757 0
2758 1
2759 1
2760 1
2761 0
2762 0
2763 0
2764 1
2765 1
2766 0
2767 1
2768 1
2769 1
2770 0
2771 0
2772 0
2773 1
2774 1
2776 0
2777 1
2780 1
2781 0
2782 1
2784 0
2786 0
2787 0
2788 0
2789 1
2790 1
2792 1
2796 0
2797 0
2798 0
2799 1
2801 1
2802 1
2803 1
2804 1
2805 1
2806 0
2807 0
2808 1
2810 0
2811 1
2812 0
2813 1
2814 0
2815 1
2817 0
2819 1
2820 0
2821 0
2822 0
2823 1
2824 0
2825 0
2826 1
2828 1
2829 0
2830 1
2831 0
2832 1
2835 1
2836 0
2837 1
2840 0
2841 1
2842 1
2843 1
2844 1
2845 0
2848 0
2849 1
2850 1
2851 0
2852 0
2854 1
2855 1
2856 0
2857 0
2858 0
2859 0
2862 0
2865 1
2866 0
2867 0
2870 0
2871 0
2874 0
2875 0
2877 1
2878 1
2879 1
2880 1
2881 1
2882 1
2883 0
2884 0
2885 1
2886 0
2888 0
2890 1
2891 1
2892 0
2894 1
2895 0
2896 0
2897 1
2898 1
2899 0
2900 0
2901 1
2902 1
2903 1
2905 0
2907 1
2908 1
2909 0
2910 0
2911 0
2912 0
2913 0
2914 0
2915 0
2916 1
2917 1
2918 0
2919 0
2920 1
2921 1
2922 1
2923 0
2924 0
2925 0
2926 0
2927 1
2928 0
2929 1
2930 0
2931 1
2932 0
2933 0
2935 0
2936 0
2938 1
2939 1
2940 0
2941 1
2944 1
2945 1
2946 0
2947 0
2948 1
2949 0
2950 0
2951 0
2952 1
2953 1
2955 0
2956 1
2957 0
2958 0
2959 0
2960 0
2961 0
2962 0
2963 1
2964 0
2965 0
2966 0
2968 0
2969 0
2970 0
2972 1
2973 0
2974 0
2975 0
2976 0
2977 1
2978 1
2980 1
2981 1
2982 0
2983 0
2984 0
2985 1
2986 0
2987 1
2988 0
2989 0
2990 1
2991 0
2995 0
2996 0
2997 0
2998 0
3000 1
3001 0
3003 0
3005 0
3006 0
3007 0
3008 0
3009 0
3010 1
3011 1
3012 1
3013 1
3015 1
3017 0
3018 1
3019 1
3020 0
3021 1
3022 1
3023 0
3024 0
3025 0
3026 1
3028 1
3030 1
3031 1
3032 1
3033 0
3034 0
3035 0
3036 0
3037 1
3038 1
3039 1
3041 0
3042 1
3043 1
3044 1
3045 0
3046 0
3047 0
3048 0
3049 0
3050 0
3051 0
3053 1
3054 0
3056 0
3058 1
3059 1
3060 0
3061 0
3063 1
3066 1
3067 0
3068 0
3069 0
3070 1
3071 0
3072 1
3073 0
3074 0
3075 0
3076 1
3078 0
3079 0
3080 0
3083 0
3084 1
3085 1
3086 0
3087 0
3088 1
3089 1
3090 1
3091 1
3092 1
3093 0
3094 0
3095 1
3097 0
3098 0
3099 1
3100 0
3101 0
3102 0
3103 1
3104 0
3106 1
3107 1
3108 1
3109 0
3110 1
3111 1
3112 0
3113 1
3114 0
3115 0
3116 1
3117 0
3118 0
3119 1
3121 0
3122 1
3123 1
3124 0
3125 1
3126 0
3127 1
3128 0
3129 0
3130 0
3131 1
3132 1
3133 1
3134 1
3135 1
3138 1
3139 0
3140 1
3141 0
3142 1
3144 1
3145 0
3146 1
3147 1
3148 1
3149 1
3150 0
3151 0
3152 1
3153 0
3154 0
3155 0
3156 1
3158 0
3159 1
3160 0
3161 1
3162 1
3163 1
3165 1
3166 1
3167 1
3168 0
3169 1
3172 0
3173 0
3176 0
3178 1
3179 1
3180 1
3181 1
3182 0
3183 1
3185 1
3186 1
3187 1
3189 1
3191 1
3192 0
3194 1
3195 0
3196 1
3197 1
3198 0
3199 1
3200 0
3202 1
3203 0
3204 0
3205 0
3207 1
3208 1
3209 0
3211 0
3212 0
3213 1
3214 1
3215 0
3216 0
3217 0
3218 0
3221 0
3222 0
3224 1
3225 1
3226 1
3227 1
3228 1
3229 0
3230 0
3231 1
3232 0
3234 1
3236 0
3237 0
3238 1
3239 0
3240 1
3242 1
3243 1
3244 1
3245 1
3246 1
3247 0
3248 1
3249 0
3250 0
3251 0
3253 1
3254 0
3255 1
3256 1
3258 1
3259 1
3261 0
3262 1
3263 1
3264 1
3265 0
3267 0
3268 0
3269 0
3270 0
3271 0
3272 1
3273 0
3274 1
3275 1
3276 1
3278 1
3279 1
3282 0
3283 0
3284 1
3285 1
3286 0
3287 0
3289 1
3290 0
3291 1
3292 0
3293 0
3294 1
3295 1
3297 1
3299 0
3301 0
3302 0
3304 0
3305 1
3307 1
3308 0
3309 1
3310 0
3311 1
3312 1
3313 0
3315 0
3316 1
3317 0
3318 1
3320 1
3321 0
3322 0
3323 1
3324 0
3325 1
3326 1
3327 0
3328 0
3329 1
3330 0
3332 1
3333 0
3334 0
3336 1
3337 1
3338 0
3339 0
3340 0
3341 0
3342 1
3343 1
3344 1
3345 1
3346 1
3347 1
3348 1
3349 1
3350 1
3351 1
3352 1
3354 0
3357 0
3358 0
3359 1
3360 1
3361 0
3363 1
3365 1
3366 1
3367 0
3368 1
3370 1
3371 1
3374 1
3375 1
3376 0
3378 1
3379 1
3382 1
3383 0
3384 0
3385 0
3386 1
3387 0
3389 1
3390 0
3391 1
3392 1
3393 1
3394 1
3395 0
3396 0
3397 0
3398 0
3399 1
3401 0
3402 0
3403 1
3404 0
3406 0
3407 0
3408 1
3409 1
3410 1
3411 0
3412 1
3413 0
3414 0
3415 0
3416 0
3417 1
3418 1
3419 1
3420 0
3421 1
3423 1
3424 1
3425 1
3426 0
3427 1
3428 0
3429 1
3430 0
3431 1
3432 1
3433 0
3434 0
3435 1
3436 0
3437 1
3438 1
3439 1
3441 0
3443 0
3444 0
3446 1
3447 1
3448 1
3450 0
3451 1
3453 0
3454 1
3455 0
3456 0
3458 0
3459 1
3461 1
3462 1
3463 1
3464 0
3465 0
3466 0
3468 1
3469 1
3470 0
3471 1
3472 0
3474 0
3476 0
3477 0
3478 0
3479 0
3481 0
3482 0
3483 0
3484 1
3485 1
3486 1
3487 0
3488 1
3489 1
3491 1
3492 0
3493 0
3494 1
3495 1
3496 1
3497 0
3498 0
3499 0
3500 1
3501 1
3503 1
3504 1
3505 1
3506 1
3507 0
3508 0
3509 1
3510 1
3512 1
3513 1
3514 0
3515 1
3516 0
3519 0
3520 1
3521 1
3522 1
3524 1
3525 1
3526 0
3527 1
3528 0
3529 1
3530 1
3531 1
3532 1
3533 1
3534 1
3535 0
3536 1
3538 1
3539 1
3540 1
3541 0
3542 0
3543 0
3545 1
3546 1
3547 0
3548 1
3549 1
3550 1
3551 0
3552 1
3553 0
3554 0
3555 0
3556 0
3557 0
3558 0
3559 0
3560 0
3561 0
3562 0
3563 0
3566 0
3569 1
3572 1
3574 0
3575 0
3576 0
3577 0
3578 0
3581 0
3582 1
3583 1
3584 1
3585 0
3586 1
3587 0
3588 1
3589 1
3590 0
3594 0
3595 1
3596 0
3597 1
3598 0
3599 1
3601 0
3602 0
3603 1
3604 0
3605 1
3606 0
3607 0
3608 0
3609 0
3610 0
3612 0
3614 1
3615 0
3617 0
3620 0
3621 1
3622 1
3623 0
3626 1
3627 1
3628 0
3629 1
3630 1
3631 0
3632 1
3633 1
3634 1
3635 1
3636 0
3639 1
3640 1
3641 1
3643 1
3644 1
3645 0
3646 0
3647 0
3648 1
3649 0
3651 0
3652 0
3654 0
3657 0
3658 1
3659 0
3660 1
3661 0
3662 1
3663 0
3664 0
3665 0
3667 1
3668 0
3669 1
3670 1
3671 1
3672 1
3673 0
3674 1
3675 0
3676 0
3677 1
3680 1
3681 0
3682 0
3683 0
3685 0
3686 0
3687 1
3688 1
3689 1
3690 0
3691 0
3692 1
3693 0
3694 0
3695 1
3696 1
3698 0
3699 0
3701 0
3702 1
3703 0
3705 0
3706 1
3708 1
3710 1
3711 0
3713 1
3714 0
3716 0
3717 1
3718 0
3719 1
3720 1
3721 0
3722 0
3723 1
3724 1
3725 1
3726 1
3727 1
3729 1
3730 1
3732 0
3733 1
3734 1
3735 1
3736 1
3737 0
3738 1
3740 1
3741 0
3743 0
3744 1
3745 0
3747 1
3748 1
3749 1
3750 1
3751 0
3752 0
3753 0
3755 1
3757 0
3759 1
3760 0
3761 1
3762 1
3763 0
3764 0
3765 1
3767 1
3768 1
3771 0
3773 1
3774 1
3776 1
3781 1
3783 0
3786 0
3787 1
3788 1
3789 0
3790 0
3791 1
3792 0
3794 0
3795 1
3796 0
3797 1
3798 0
3799 1
3800 1
3802 1
3803 1
3804 0
3805 0
3806 0
3807 1
3808 1
3809 1
3811 1
3812 0
3813 1
3814 1
3815 0
3816 1
3817 0
3818 0
3819 0
3820 0
3821 0
3824 0
3825 1
3826 0
3828 1
3830 1
3833 1
3834 0
3835 1
3836 1
3837 1
3838 1
3839 0
3840 1
3841 1
3842 1
3843 0
3844 1
3845 0
3846 1
3847 0
3848 1
3849 1
3850 1
3851 1
3852 0
3853 1
3855 1
3856 0
3857 0
3858 0
3860 0
3861 0
3862 0
3863 0
3864 0
3867 0
3868 0
3869 1
3870 1
3871 1
3872 0
3873 0
3874 0
3875 0
3876 1
3877 1
3878 1
3880 0
3881 1
3882 1
3883 0
3885 0
3886 1
3887 1
3889 1
3890 0
3891 0
3892 0
3893 0
3894 1
3895 0
3898 0
3899 0
3900 0
3901 0
3902 1
3903 1
3905 1
3906 0
3908 1
3909 0
3910 0
3911 1
3912 0
3913 1
3914 1
3915 1
3916 1
3917 0
3918 1
3919 0
3920 1
3921 0
3922 0
3923 0
3924 1
3926 1
3927 0
3928 0
3929 0
3930 0
3933 0
3934 0
3935 1
3936 1
3937 1
3938 1
3940 0
3941 1
3942 1
3943 0
3945 0
3946 0
3947 1
3950 0
3951 0
3952 0
3953 0
3954 1
3955 1
3956 1
3957 0
3958 1
3959 1
3960 0
3961 1
3963 0
3964 0
3965 1
3966 0
3967 1
3968 1
3970 0
3971 1
3972 1
3973 1
3975 0
3978 0
3979 0
3980 0
3982 0
3984 0
3985 1
3986 1
3987 0
3988 1
3989 0
3990 1
3991 1
3992 1
3993 0
3995 0
3996 0
3998 0
3999 1
4000 1
4002 1
4003 0
4004 1
4005 1
4006 0
4007 0
4008 1
4010 1
4011 1
4012 1
4013 1
4014 0
4015 1
4016 1
4017 0
4018 1
4019 0
4020 1
4022 1
4024 0
4025 1
4027 1
4028 1
4029 1
4030 0
4031 1
4032 0
4033 0
4034 0
4035 0
4036 1
4037 0
4039 0
4040 0
4042 0
4043 0
4045 1
4046 0
4047 1
4048 0
4049 0
4050 0
4051 1
4052 1
4053 0
4055 0
4056 0
4057 0
4058 1
4059 0
4060 0
4061 0
4062 0
4063 1
4064 0
4065 0
4066 0
4067 0
4068 0
4070 1
4071 0
4072 0
4074 0
4075 0
4076 1
4077 1
4078 0
4079 1
4080 1
4081 1
4082 1
4083 1
4084 0
4085 0
4087 1
4089 0
4090 0
4092 1
4093 1
4094 1
4095 1
4097 0
4099 0
4102 0
4103 0
4104 0
4106 0
4107 0
4108 0
4109 1
4111 0
4113 0
4114 1
4115 0
4117 1
4118 0
4119 1
4120 1
4121 0
4122 0
4123 1
4124 1
4125 0
4126 1
4127 0
4128 0
4129 1
4131 1
4132 0
4133 0
4134 0
4136 0
4137 0
4139 1
4140 0
4141 1
4142 1
4143 1
4144 0
4145 1
4146 0
4147 1
4148 0
4150 0
4151 0
4152 1
4154 1
4155 0
4157 0
4158 0
4159 1
4160 1
4161 1
4162 1
4163 1
4164 0
4165 1
4166 1
4168 0
4169 0
4170 0
4171 1
4172 1
4173 0
4174 0
4176 0
4177 0
4178 1
4179 1
4181 1
4182 1
4183 1
4184 1
4185 0
4188 1
4189 1
4190 1
4191 0
4192 1
4193 0
4194 0
4195 0
4196 1
4199 0
4200 0
4203 0
4204 0
4206 1
4207 1
4208 0
4209 1
4210 1
4211 0
4215 0
4216 1
4217 0
4219 1
4220 0
4221 1
4222 0
4223 1
4224 1
4225 1
4226 1
4227 0
4228 1
4229 1
4230 0
4232 1
4233 0
4234 1
4235 0
4237 1
4238 0
4239 1
4241 0
4243 0
4244 0
4245 1
4246 1
4248 1
4249 0
4251 0
4252 1
4254 1
4255 1
4259 0
4262 1
4264 1
4265 0
4269 0
4270 1
4271 1
4272 1
4273 0
4274 1
4275 0
4276 0
4277 1
4278 0
4279 0
4280 0
4281 0
4283 1
4284 1
4286 0
4287 1
4288 1
4291 1
4293 1
4294 1
4295 0
4296 0
4298 1
4299 0
4300 0
4301 0
4302 1
4304 0
4305 0
4306 1
4307 0
4308 1
4310 0
4311 1
4313 0
4314 1
4316 0
4317 0
4318 0
4319 1
4320 0
4321 1
4322 1
4323 1
4324 0
4325 0
4326 1
4327 1
4328 0
4329 1
4330 1
4331 1
4332 0
4333 1
4334 0
4335 0
4337 1
4338 1
4339 0
4340 0
4341 0
4343 1
4344 0
4345 1
4346 1
4347 1
4348 1
4349 0
4351 1
4353 1
4355 0
4357 0
4358 0
4360 1
4361 0
4362 1
4365 0
4366 0
4367 0
4368 1
4369 0
4370 0
4371 1
4372 0
4374 1
4375 0
4376 0
4377 1
4378 0
4379 1
4380 1
4381 1
4384 1
4385 0
4386 1
4387 1
4388 0
4389 1
4390 1
4391 1
4392 0
4393 1
4394 1
4395 0
4396 0
4397 0
4398 0
4399 0
4400 0
4402 1
4404 0
4405 0
4406 1
4407 0
4408 0
4409 1
4410 1
4412 1
4413 1
4414 0
4416 0
4417 1
4418 1
4421 0
4422 0
4423 0
4425 1
4426 1
4427 0
4428 1
4429 1
4432 0
4433 0
4434 0
4435 1
4436 1
4438 1
4439 1
4440 0
4441 1
4442 1
4443 0
4444 1
4446 0
4447 1
4448 0
4449 0
4450 0
4451 1
4452 0
4453 0
4454 0
4455 0
4456 0
4457 0
4458 0
4460 1
4461 1
4462 0
4463 0
4464 1
4465 1
4466 1
4467 1
4468 1
4469 1
4470 0
4471 0
4472 1
4474 0
4475 0
4476 0
4477 0
4478 0
4479 0
4481 0
4482 0
4483 0
4484 1
4485 1
4486 1
4487 0
4490 1
4491 0
4492 1
4493 0
4494 0
4495 1
4496 0
4498 1
4499 1
4501 0
4502 0
4503 0
4504 1
4505 0
4506 0
4507 0
4508 1
4509 1
4510 1
4512 1
4513 1
4514 1
4515 1
4516 1
4517 0
4518 0
4519 1
4520 0
4521 0
4523 1
4524 1
4525 1
4527 0
4528 0
4529 0
4531 1
4532 0
4533 0
4535 0
4536 0
4537 0
4538 0
4540 0
4541 1
4542 1
4543 0
4544 0
4545 0
4546 1
4547 1
4548 1
4549 0
4550 1
4551 0
4552 1
4553 0
4554 0
4555 0
4556 1
4557 1
4559 0
4560 1
4561 0
4562 1
4563 1
4564 0
4565 1
4566 1
4567 1
4568 0
4569 0
4570 1
4571 0
4572 0
4573 1
4574 0
4575 0
4576 0
4577 1
4578 1
4579 1
4580 1
4581 1
4582 1
4583 0
4584 1
4585 0
4586 1
4588 1
4590 0
4591 0
4592 0
4593 1
4594 0
4595 0
4596 1
4597 1
4598 1
4599 0
4600 0
4601 1
4602 1
4604 1
4605 1
4607 1
4608 1
4609 1
4610 0
4611 1
4612 0
4613 1
4614 0
4615 1
4616 0
4617 0
4619 0
4620 1
4621 0
4623 1
4624 0
4625 1
4628 0
4629 0
4630 0
4632 1
4633 1
4635 0
4636 0
4637 0
4638 1
4639 0
4640 0
4641 1
4642 1
4643 1
4644 1
4645 0
4646 1
4648 1
4649 0
4650 1
4651 1
4652 0
4653 0
4654 1
4655 1
4656 1
4657 1
4658 1
4659 0
4661 0
4662 1
4663 1
4664 1
4665 0
4666 0
4668 1
4669 1
4670 0
4671 1
4672 0
4673 1
4674 1
4675 0
4676 1
4677 0
4679 1
4680 1
4682 1
4683 0
4685 0
4687 0
4688 1
4690 1
4691 0
4692 0
4693 1
4694 1
4695 0
4696 1
4698 1
4699 0
4700 1
4702 1
4706 0
4707 0
4708 1
4709 0
4710 1
4711 0
4712 0
4713 0
4714 0
4716 0
4717 1
4718 1
4719 0
4720 1
4722 1
4723 1
4724 0
4725 1
4726 1
4727 1
4729 1
4730 0
4731 1
4732 0
4733 0
4734 1
4735 0
4738 1
4739 1
4740 1
4741 1
4743 1
4744 1
4745 0
4746 0
4747 1
4748 0
4749 0
4750 0
4751 1
4752 0
4753 1
4754 1
4755 1
4756 1
4757 1
4758 0
4759 1
4760 1
4761 1
4762 0
4763 1
4764 1
4765 1
4767 1
4768 0
4769 0
4770 1
4771 0
4772 0
4773 1
4774 0
4777 1
4778 0
4779 0
4780 1
4781 1
4782 1
4783 0
4784 1
4785 0
4786 0
4787 1
4788 0
4789 0
4791 0
4792 1
4793 1
4794 0
4796 1
4798 0
4800 0
4801 0
4802 0
4803 0
4804 0
4806 1
4807 0
4808 1
4809 1
4810 1
4811 1
4813 0
4814 1
4815 0
4816 0
4818 0
4819 1
4820 1
4822 1
4825 0
4826 0
4827 1
4828 1
4829 0
4830 0
4833 1
4836 1
4837 1
4838 0
4839 1
4843 0
4844 1
4845 0
4846 1
4849 1
4850 1
4854 0
4855 1
4858 1
4859 1
4862 0
4863 1
4864 1
4865 1
4866 0
4867 0
4869 0
4871 1
4872 0
4873 1
4874 0
4875 1
4876 1
4877 0
4878 0
4879 0
4880 1
4881 1
4882 0
4883 1
4884 0
4885 0
4886 1
4887 1
4888 0
4889 0
4890 1
4891 0
4892 1
4893 1
4895 0
4896 0
4897 0
4898 0
4899 1
4900 0
4901 0
4902 0
4903 1
4904 1
4905 0
4908 1
4909 0
4910 0
4911 1
4913 1
4914 0
4916 0
4917 0
4918 0
4919 1
4920 1
4921 1
4922 0
4923 0
4924 0
4925 1
4926 1
4927 0
4928 0
4929 1
4930 1
4931 0
4932 0
4933 0
4934 1
4935 0
4936 1
4937 0
4939 0
4940 1
4941 0
4942 0
4944 1
4945 0
4946 1
4947 1
4948 0
4950 0
4952 1
4954 1
4955 1
4956 0
4957 0
4959 1
4960 1
4961 1
4963 0
4964 0
4965 0
4966 0
4968 0
4970 1
4971 0
4972 0
4973 0
4974 0
4975 1
4980 1
4983 1
4987 1
4988 1
4989 1
4990 0
4991 0
4992 1
4993 0
4994 1
4995 0
4996 0
4997 0
4998 0
5000 1
5001 1
5002 0
5004 0
5005 0
5006 1
5010 1
5011 1
5013 1
5014 0
5015 1
5016 0
5017 1
5018 0
5020 0
5022 1
5023 1
5024 1
5025 1
5028 1
5029 0
5030 1
5031 0
5032 0
5034 0
5035 0
5038 0
5039 1
5040 1
5041 1
5042 0
5043 0
5044 1
5045 1
5046 1
5047 1
5049 1
5050 0
5051 0
5055 1
5056 0
5057 1
5058 1
5059 0
5060 1
5061 1
5062 0
5065 1
5066 1
5068 1
5070 0
5071 1
5072 0
5073 1
5074 0
5075 1
5076 1
5077 1
5079 1
5080 0
5081 0
5082 1
5083 1
5084 1
5085 1
5086 0
5087 0
5088 1
5089 0
5090 1
5091 0
5094 0
5095 0
5096 1
5097 0
5098 1
5099 1
5100 0
5101 0
5102 0
5103 0
5105 0
5107 1
5110 1
5111 1
5112 0
5113 1
5115 0
5116 1
5118 1
5119 0
5120 0
5121 0
5123 1
5124 0
5125 0
5126 0
5128 1
5129 1
5130 0
5131 1
5134 0
5135 0
5136 1
5138 1
5140 0
5143 1
5144 1
5147 0
5148 1
5149 1
5150 1
5151 1
5153 0
5157 1
5158 1
5159 0
5161 1
5163 1
5164 0
5165 1
5166 1
5167 0
5169 1
5171 1
5174 0
5175 0
5177 0
5178 1
5179 0
5181 1
5182 1
5183 1
5185 1
5186 0
5188 1
5189 1
5191 1
5192 0
5193 0
5194 0
5195 1
5196 1
5197 0
5198 1
5200 1
5201 0
5202 1
5204 1
5206 0
5207 0
5208 1
5209 1
5210 1
5211 1
5212 0
5213 0
5214 1
5215 1
5216 0
5217 1
5218 0
5219 0
5220 1
5221 1
5222 0
5223 0
5224 0
5227 0
5228 1
5229 1
5231 1
5232 1
5233 1
5234 1
5236 0
5237 1
5238 1
5239 0
5240 1
5241 1
5242 0
5243 0
5244 0
5245 0
5246 1
5247 1
5248 1
5249 1
5250 1
5251 1
5253 1
5254 1
5255 0
5256 0
5258 1
5259 1
5260 0
5261 1
5262 1
5263 1
5265 0
5266 1
5268 1
5269 0
5270 0
5271 0
5272 0
5273 1
5274 0
5275 0
5277 0
5279 0
5280 0
5281 1
5282 1
5283 0
5284 0
5285 1
5286 1
5287 1
5288 0
5289 0
5290 0
5292 1
5294 1
5296 1
5297 1
5298 1
5300 0
5301 0
5302 0
5304 0
5305 1
5308 1
5309 0
5310 0
5311 0
5312 1
5313 1
5314 0
5315 0
5316 1
5317 0
5318 1
5320 0
5321 1
5322 0
5323 0
5324 1
5325 0
5326 0
5327 1
5330 1
5331 1
5332 0
5334 1
5335 1
5337 1
5338 0
5339 1
5341 0
5342 1
5343 1
5345 0
5346 0
5347 0
5348 1
5349 0
5350 1
5351 0
5352 0
5354 0
5355 1
5356 1
5357 0
5358 1
5359 0
5360 0
5361 1
5363 0
5364 0
5365 1
5366 1
5367 0
5368 0
5369 1
5370 1
5371 1
5373 0
5374 0
5375 1
5376 1
5377 1
5378 0
5380 0
5381 1
5383 1
5384 1
5385 0
5386 0
5387 0
5390 0
5391 0
5393 0
5395 1
5397 1
5398 0
5400 0
5402 0
5403 1
5404 0
5406 0
5407 1
5408 1
5410 1
5411 0
5412 1
5413 0
5414 1
5415 1
5416 1
5418 1
5420 0
5421 1
5422 1
5423 1
5424 1
5426 0
5431 1
5433 1
5434 0
5435 1
5436 1
5437 0
5438 0
5439 0
5442 0
5443 0
5444 0
5446 1
5447 1
5449 1
5450 0
5451 0
5454 0
5455 1
5456 0
5457 0
5458 1
5459 0
5460 0
5461 0
5462 0
5465 1
5466 0
5467 1
5468 0
5469 1
5471 1
5472 0
5473 1
5474 0
5475 0
5476 1
5477 1
5478 1
5479 1
5480 1
5481 0
5482 1
5483 0
5484 0
5485 1
5486 0
5487 0
5490 1
5492 1
5493 0
5494 0
5495 0
5496 1
5497 1
5498 1
5499 0
5500 0
5501 0
5502 0
5503 1
5505 0
5507 0
5508 1
5510 0
5511 1
5512 1
5513 0
5514 1
5515 0
5516 1
5517 0
5519 1
5520 1
5522 1
5523 1
5524 1
5525 0
5526 0
5527 1
5528 0
5529 0
5530 1
5531 0
5532 0
5533 1
5534 0
5535 0
5536 1
5537 0
5538 0
5539 0
5540 0
5541 1
5542 0
5544 1
5545 1
5546 0
5547 0
5548 0
5549 1
5550 0
5551 0
5553 0
5554 0
5555 1
5556 1
5558 0
5560 1
5561 0
5562 0
5563 1
5564 0
5565 1
5566 1
5567 0
5569 1
5570 1
5571 1
5572 1
5573 1
5574 0
5575 1
5576 0
5577 1
5579 0
5580 0
5581 1
5582 0
5583 1
5584 0
5585 1
5586 1
5587 0
5588 1
5589 1
5591 0
5592 1
5593 0
5594 0
5595 0
5596 1
5597 1
5598 0
5599 1
5600 1
5601 1
5602 1
5603 0
5604 0
5605 1
5607 0
5608 0
5609 1
5610 1
5612 0
5613 1
5614 0
5615 0
5616 1
5617 0
5618 0
5619 1
5621 0
5622 1
5624 0
5625 0
5627 1
5628 1
5629 0
5630 0
5632 0
5633 0
5634 0
5635 0
5637 1
5638 1
5640 1
5641 0
5642 0
5644 1
5645 1
5646 1
5647 0
5648 0
5649 1
5650 1
5651 0
5653 1
5654 0
5655 0
5656 0
5658 1
5659 0
5660 0
5661 1
5664 0
5665 0
5666 1
5667 0
5668 0
5671 1
5672 0
5674 1
5676 0
5678 1
5679 0
5681 1
5682 0
5683 0
5684 1
5685 1
5686 0
5687 1
5689 1
5690 1
5691 0
5693 1
5694 1
5695 1
5696 1
5697 1
5698 1
5699 0
5700 1
5701 0
5702 1
5703 1
5704 0
5705 0
5706 1
5707 0
5708 0
5709 1
5710 1
5711 1
5712 1
5713 0
5714 0
5715 0
5717 0
5719 0
5720 1
5723 0
5724 0
5726 0
5727 0
5728 1
5729 0
5730 1
5732 0
5733 0
5734 0
5735 0
5736 1
5738 0
5739 0
5740 1
5741 0
5742 1
5743 1
5744 1
5745 0
5747 0
5748 1
5749 0
5750 1
5751 1
5752 0
5753 1
5754 1
5755 1
5757 0
5758 1
5760 1
5761 1
5762 1
5763 0
5764 1
5765 0
5766 1
5767 0
5768 1
5769 0
5770 0
5771 1
5772 1
5774 1
5775 1
5776 1
5777 1
5778 0
5779 1
5781 1
5782 0
5783 1
