# 1 represent the minority
# node, attribute
0 1
1 0
2 1
3 1
4 1
5 1
6 1
7 0
8 1
9 1
10 0
11 1
12 0
13 0
14 0
15 0
16 0
17 0
18 1
19 1
20 1
22 1
23 0
24 1
25 0
26 0
27 0
28 0
29 1
30 0
31 0
32 0
34 0
35 0
36 0
37 0
38 0
39 0
40 1
41 0
42 0
43 0
44 0
45 0
46 0
47 0
48 0
49 0
50 1
51 0
52 1
53 1
54 0
55 0
56 0
57 1
58 0
59 0
60 1
61 0
62 1
63 1
64 1
65 0
66 0
67 0
68 0
69 0
70 1
71 0
72 1
73 0
74 0
75 1
76 0
77 1
78 0
79 0
80 1
81 0
82 1
83 1
84 1
85 1
86 0
87 1
88 0
89 1
90 0
91 0
92 0
93 1
94 0
95 0
96 1
97 1
98 0
99 1
100 0
101 1
102 0
103 0
104 0
105 0
106 0
107 0
108 1
109 0
110 1
111 1
112 0
113 1
114 0
115 0
116 0
117 0
118 0
119 0
120 0
121 1
122 1
124 1
125 1
126 0
127 1
128 0
129 0
130 0
131 1
132 1
133 0
134 0
135 1
136 1
137 1
138 1
139 1
140 1
141 1
142 1
143 1
144 0
145 1
146 1
147 0
148 1
149 0
150 1
151 1
152 1
153 0
154 1
155 1
156 0
157 1
158 0
159 0
160 1
161 1
162 0
163 1
164 1
165 1
166 0
167 0
168 1
170 0
171 0
172 0
173 1
174 1
175 0
176 0
177 1
178 1
179 1
180 1
181 0
182 0
183 0
184 1
185 0
186 1
187 1
188 1
189 1
190 0
191 1
192 0
193 0
194 0
195 0
196 0
197 0
198 1
199 1
200 0
201 0
202 0
203 1
204 0
205 0
206 0
207 0
208 1
209 1
210 1
211 0
212 0
213 1
214 1
215 1
216 0
217 0
218 0
219 1
220 0
221 0
222 0
223 0
224 1
225 0
226 1
227 1
228 1
229 1
230 0
231 0
232 0
233 0
234 1
235 0
236 1
237 0
238 1
239 1
240 0
241 0
242 1
243 0
244 0
245 0
246 0
247 0
248 1
249 1
250 0
251 1
252 0
253 0
254 1
255 1
256 1
257 0
258 0
259 0
260 0
261 0
263 0
264 0
265 1
266 0
267 0
268 1
269 0
270 0
271 0
272 1
273 1
274 0
275 0
276 1
277 1
278 1
279 0
280 1
281 1
282 1
284 1
285 0
286 0
287 1
288 1
289 0
290 0
291 1
292 0
293 1
294 1
295 0
296 1
297 1
298 0
299 1
300 1
301 1
302 1
303 1
304 0
305 0
306 0
307 1
308 1
309 1
310 1
311 1
312 0
313 0
314 1
315 0
316 0
317 1
318 0
319 1
320 1
321 1
322 1
323 0
324 1
325 1
326 0
327 1
328 0
329 0
330 0
331 0
332 1
333 1
334 0
335 0
336 0
337 0
338 0
339 1
340 1
341 1
342 0
343 0
344 0
345 1
346 1
347 0
348 1
349 1
350 1
351 1
352 0
353 1
354 0
355 1
356 0
357 0
358 1
359 1
360 1
361 1
362 0
363 1
364 0
365 0
366 1
367 0
368 1
369 1
370 0
371 0
372 0
373 1
374 1
375 0
376 0
377 1
378 1
379 0
380 1
381 0
382 0
383 0
384 0
385 1
386 1
387 0
388 1
389 1
391 1
392 0
393 0
394 0
395 1
397 0
398 1
399 0
400 0
401 0
402 0
403 0
404 1
405 0
406 0
407 0
409 1
411 0
412 0
413 0
414 1
415 1
416 1
417 0
418 1
419 0
420 0
421 1
422 0
423 1
424 0
426 1
427 0
428 0
429 0
430 0
431 0
432 0
433 1
434 0
435 1
436 1
437 0
438 1
439 1
440 0
441 0
443 0
444 1
445 1
446 1
447 1
448 1
449 0
450 0
451 0
452 1
453 0
454 0
455 1
456 1
457 0
458 1
459 1
460 1
461 1
462 0
464 0
465 1
466 1
467 1
468 0
469 1
470 0
471 1
472 0
473 1
474 0
475 1
476 0
477 1
478 0
479 0
480 0
481 1
482 0
483 1
484 0
485 0
486 0
488 1
489 1
490 0
491 0
492 0
493 0
494 1
495 1
496 1
497 1
498 1
499 0
500 1
501 0
502 1
503 0
504 1
505 0
506 0
507 0
508 0
509 1
510 0
511 1
512 1
513 0
514 1
515 0
516 0
517 1
518 0
519 1
520 1
521 1
522 0
523 0
524 0
525 1
526 0
527 1
528 1
529 1
530 1
531 1
532 1
533 1
534 1
535 1
536 1
537 1
538 1
539 1
540 1
541 0
543 1
544 0
545 0
546 0
547 1
548 0
549 0
550 1
551 1
552 1
553 1
554 1
555 1
556 0
557 0
558 0
559 1
560 1
561 1
562 1
563 0
564 1
565 0
566 1
567 1
568 1
569 1
570 0
571 0
572 0
573 0
574 0
575 0
576 0
577 0
578 1
579 0
580 1
581 1
582 0
583 1
584 0
585 0
586 0
587 1
588 0
589 1
590 0
591 0
592 0
593 0
594 0
595 0
596 0
597 1
598 0
599 1
600 1
601 0
602 0
603 1
604 0
605 0
606 0
607 1
608 0
609 1
610 0
611 0
612 0
613 0
614 0
615 1
616 0
617 1
618 1
619 1
620 1
621 1
622 0
623 1
624 0
625 1
626 0
627 1
628 1
629 0
630 1
631 0
632 1
633 1
634 0
635 0
636 1
637 1
638 0
639 1
640 0
641 0
642 0
643 0
644 0
645 1
646 0
647 0
648 0
649 1
650 1
651 0
652 0
653 0
654 0
655 1
656 0
657 0
658 0
659 1
661 0
662 0
663 0
664 1
665 1
666 0
667 0
668 0
669 0
670 1
671 1
672 0
673 0
674 1
675 1
676 0
677 0
678 0
679 1
680 0
681 0
682 1
683 1
684 1
685 1
686 1
687 1
688 1
689 1
690 1
691 1
692 1
693 1
694 1
695 1
696 1
697 0
698 0
699 0
700 0
701 1
702 1
703 0
704 1
705 0
706 0
707 0
708 0
709 0
710 0
711 0
712 1
713 1
714 1
715 1
716 0
717 1
718 1
719 1
720 0
721 1
722 0
723 0
724 1
725 0
726 0
727 1
728 1
729 1
730 0
731 0
732 0
733 1
734 0
735 0
736 0
737 1
738 1
739 1
740 1
741 1
742 1
743 1
745 0
746 0
747 1
748 1
750 1
751 0
752 0
753 0
754 1
755 1
756 1
757 0
758 1
759 0
760 1
761 0
762 1
763 0
764 1
765 1
766 1
767 1
768 1
769 1
770 1
771 1
772 1
773 0
774 0
775 0
776 1
777 1
778 0
779 1
780 1
781 1
782 0
783 1
784 1
785 0
786 0
787 1
788 1
789 0
790 0
791 1
792 1
793 1
794 1
795 0
796 1
797 0
798 1
799 1
800 1
801 1
802 0
803 1
804 1
805 1
806 1
807 1
808 0
809 1
810 1
811 0
812 0
813 1
814 0
815 0
816 0
817 0
818 1
819 0
820 1
821 0
822 1
823 0
824 1
825 1
826 0
827 0
828 0
829 1
830 1
831 0
832 0
833 1
834 1
835 0
836 0
837 1
838 0
839 1
840 1
841 0
842 1
843 0
844 0
845 1
846 0
847 0
848 1
849 1
850 1
851 0
852 0
853 0
854 0
855 0
856 1
857 1
858 1
859 0
860 1
861 0
862 0
863 1
864 1
865 0
866 0
867 0
868 0
869 0
870 0
871 0
872 0
873 0
874 1
875 0
877 0
878 1
879 1
880 0
881 0
882 0
883 0
884 0
885 1
886 1
887 0
888 1
889 0
890 0
891 1
892 0
893 0
894 1
895 0
896 1
897 0
898 0
899 1
900 0
901 0
902 1
903 0
904 0
905 0
906 0
907 1
908 0
909 1
910 0
911 1
912 0
913 0
914 1
915 0
916 1
917 0
918 0
919 0
920 0
921 0
922 0
923 1
924 1
925 0
926 0
927 1
928 1
929 1
930 0
931 0
932 1
933 0
934 0
935 0
936 0
937 0
938 1
939 1
940 1
941 0
942 0
943 0
944 0
945 1
946 1
947 1
948 0
949 0
950 0
951 0
952 0
953 1
954 1
955 0
956 0
957 0
958 0
959 1
960 0
962 1
963 1
964 0
965 0
966 1
967 0
968 0
969 0
970 1
971 1
972 0
973 1
974 0
975 1
976 1
977 1
978 0
979 0
980 0
981 0
982 0
983 0
984 0
985 1
986 1
987 0
988 0
989 0
990 0
991 1
992 0
993 0
994 1
995 1
996 1
997 0
998 1
999 1
1000 1
1001 0
1002 1
1003 1
1004 0
1005 0
1006 1
1007 1
1008 1
1009 1
1010 1
1011 0
1012 0
1013 0
1014 0
1015 1
1016 1
1017 0
1018 0
1019 1
1020 1
1021 1
1022 0
1023 1
1024 1
1025 1
1026 0
1027 1
1028 1
1029 0
1030 1
1031 0
1032 0
1033 1
1034 1
1035 0
1036 0
1037 1
1038 0
1039 0
1040 1
1041 1
1042 1
1043 1
1044 1
1046 1
1047 0
1048 0
1049 1
1050 1
1051 1
1052 0
1053 1
1054 1
1055 1
1056 1
1058 0
1059 0
1060 0
1061 1
1062 0
1063 0
1064 0
1065 0
1066 0
1067 0
1069 0
1070 0
1071 0
1072 0
1073 0
1074 0
1075 0
1076 0
1077 0
1078 0
1079 0
1080 0
1081 0
1082 0
1083 1
1084 0
1085 0
1086 0
1087 0
1088 0
1089 0
1090 0
1091 1
1092 1
1093 0
1094 1
1095 1
1096 0
1097 0
1098 0
1099 0
1100 0
1101 0
1102 0
1103 1
1104 1
1105 1
1106 0
1107 0
1108 0
1109 0
1110 0
1111 1
1112 1
1113 1
1114 1
1115 1
1116 1
1117 1
1118 1
1119 1
1120 1
1121 1
1122 1
1123 1
1124 1
1125 1
1126 1
1127 1
1128 1
1129 1
1130 0
1131 0
1132 0
1133 0
1134 0
1135 0
1136 1
1137 1
1138 1
1139 0
1140 1
1141 0
1142 0
1143 1
1144 1
1145 1
1146 0
1147 0
1148 1
1149 1
1150 1
1151 1
1152 0
1153 0
1154 1
1155 0
1156 1
1157 1
1158 0
1159 1
1160 0
1161 1
1162 0
1163 1
1164 0
1165 0
1166 0
1167 1
1168 1
1169 1
1170 0
1171 0
1172 0
1173 0
1174 0
1175 0
1176 1
1177 1
1178 0
1179 1
1180 0
1181 1
1182 1
1183 0
1184 1
1185 0
1186 1
1187 1
1188 0
1189 0
1190 1
1191 0
1192 0
1193 1
1194 0
1195 0
1196 1
1197 0
1198 0
1199 0
1200 0
1201 0
1202 1
1203 0
1204 0
1205 0
1206 1
1207 0
1208 0
1209 0
1210 0
1211 1
1212 1
1213 1
1214 1
1215 1
1216 1
1217 1
1218 0
1219 1
1220 1
1221 0
1222 0
1223 0
1224 1
1225 0
1226 0
1227 1
1228 1
1229 0
1230 1
1231 1
1232 1
1233 0
1234 1
1235 1
1236 1
1237 1
1238 1
1239 0
1240 1
1241 1
1242 0
1243 0
1244 1
1245 1
1246 1
1247 1
1248 1
1249 1
1250 1
1251 0
1252 0
1253 1
1254 0
1255 1
1256 1
1257 0
1258 1
1259 1
1260 0
1261 0
1262 1
1263 0
1264 0
1265 1
1266 0
1267 1
1268 1
1269 0
1270 0
1271 1
1272 0
1273 0
1274 0
1275 1
1276 0
1277 0
1278 0
1279 0
1280 0
1281 0
1282 1
1283 1
1284 1
1285 1
1286 1
1287 0
1288 1
1289 0
1290 0
1291 0
1292 1
1293 1
1294 1
1295 1
1296 1
1297 1
1298 0
1299 1
1300 0
1301 0
1302 1
1303 0
1304 0
1305 1
1306 0
1307 1
1308 1
1309 0
1310 1
1311 1
1312 1
1313 0
1314 1
1315 0
1316 1
1317 0
1318 1
1319 1
1320 0
1321 0
1322 0
1323 0
1324 1
1325 0
1326 0
1327 1
1328 0
1329 0
1330 0
1331 0
1332 1
1333 1
1334 1
1335 1
1336 1
1337 0
1338 1
1339 0
1340 1
1341 0
1342 0
1344 1
1345 0
1346 1
1347 0
1348 1
1349 0
1350 0
1351 1
1352 1
1353 0
1354 0
1355 0
1356 0
1357 1
1358 1
1359 0
1360 0
1361 1
1362 1
1363 0
1364 1
1365 0
1366 1
1367 1
1368 1
1369 1
1370 1
1371 1
1372 1
1373 0
1374 1
1375 0
1376 0
1377 0
1378 1
1379 0
1380 1
1381 0
1382 1
1383 0
1384 0
1385 0
1386 1
1387 1
1388 1
1389 0
1390 1
1391 0
1392 0
1393 1
1394 1
1395 1
1396 0
1397 0
1398 0
1399 1
1400 1
1401 0
1402 1
1403 1
1404 1
1405 1
1406 0
1407 0
1408 0
1409 1
1410 0
1411 0
1412 1
1413 0
1414 0
1415 0
1416 0
1417 1
1418 1
1419 0
1420 1
1421 1
1422 0
1423 1
1424 0
1425 1
1426 0
1427 1
1428 0
1429 1
1430 1
1431 1
1432 0
1433 1
1434 0
1435 1
1436 1
1437 0
1440 1
1441 0
1442 1
1443 1
1444 1
1445 1
1446 0
1447 0
1448 1
1449 0
1450 0
1451 1
1452 1
1453 0
1454 1
1455 0
1456 1
1457 1
1458 0
1459 0
1460 1
1461 1
1462 0
1463 0
1464 0
1465 0
1466 1
1467 1
1468 0
1469 1
1470 0
1471 0
1472 0
1473 0
1474 1
1475 1
1476 0
1477 1
1478 1
1479 1
1480 0
1481 0
1482 1
1483 0
1484 0
1485 0
1486 0
1487 1
1488 1
1489 1
1490 0
1491 0
1492 1
1493 0
1494 0
1495 0
1496 1
1497 1
1498 1
1499 0
1500 1
1501 0
1502 0
1503 0
1504 0
1505 0
1506 0
1507 0
1508 1
1509 0
1510 1
1511 0
1512 0
1513 0
1514 1
1515 1
1516 1
1517 0
1518 1
1519 0
1520 1
1521 1
1522 0
1523 0
1524 1
1525 0
1526 0
1527 0
1528 0
1529 1
1530 0
1531 1
1532 1
1533 0
1534 0
1535 1
1536 1
1537 0
1538 1
1539 0
1540 0
1541 0
1542 1
1543 0
1544 1
1545 0
1546 0
1547 1
1548 0
1549 0
1551 0
1552 0
1553 1
1554 1
1555 1
1556 0
1557 1
1558 1
1559 1
1560 0
1561 0
1562 0
1563 0
1564 1
1565 1
1566 1
1567 1
1568 1
1569 0
1570 1
1571 0
1572 0
1573 0
1574 0
1575 0
1576 1
1577 1
1578 0
1579 1
1580 0
1581 1
1582 0
1583 1
1584 1
1585 0
1586 0
1587 1
1588 0
1589 1
1590 1
1591 0
1592 0
1593 0
1594 0
1595 1
1596 0
1597 0
1598 1
1599 1
1600 0
1602 0
1603 1
1604 1
1605 0
1606 0
1607 1
1608 0
1609 0
1610 1
1611 0
1612 0
1613 1
1614 0
1615 0
1616 0
1617 0
1618 1
1619 1
1620 0
1621 0
1622 1
1623 1
1624 0
1625 1
1626 0
1627 0
1628 0
1629 0
1630 0
1631 0
1632 0
1633 0
1634 0
1635 1
1636 1
1637 1
1639 1
1640 0
1641 0
1642 1
1643 0
1644 0
1645 1
1646 1
1647 0
1648 1
1649 1
1650 0
1651 1
1652 0
1653 0
1654 1
1655 0
1656 1
1657 0
1658 0
1659 1
1660 1
1661 1
1662 0
1663 0
1664 1
1665 1
1666 1
1667 1
1668 0
1669 0
1670 1
1671 0
1672 1
1673 1
1674 0
1675 1
1676 0
1677 0
1678 0
1679 0
1680 0
1682 0
1683 1
1684 1
1685 1
1686 0
1687 1
1688 0
1689 0
1690 1
1691 1
1692 0
1693 0
1694 0
1695 0
1696 1
1697 1
1698 1
1699 1
1700 1
1701 0
1702 0
1703 0
1704 0
1705 1
1706 1
1707 0
1708 1
1709 0
1710 0
1711 0
1712 0
1714 0
1715 1
1716 0
1717 1
1718 1
1719 0
1720 0
1721 0
1722 1
1725 1
1726 1
1727 0
1728 1
1729 1
1730 1
1731 0
1732 0
1734 1
1735 0
1736 1
1737 0
1738 1
1739 0
1740 1
1741 1
1742 0
1743 0
1744 1
1745 0
1746 0
1747 0
1748 1
1749 1
1750 0
1751 0
1752 1
1753 0
1754 1
1755 0
1756 1
1757 1
1758 1
1759 0
1760 1
1761 0
1762 1
1763 1
1764 1
1765 1
1766 1
1767 1
1768 0
1769 1
1770 0
1771 1
1772 0
1773 0
1774 1
1775 0
1776 0
1777 1
1778 0
1779 0
1780 0
1781 0
1782 1
1783 0
1784 0
1785 1
1786 1
1787 1
1788 0
1789 0
1790 0
1791 1
1792 0
1793 0
1794 1
1796 1
1797 1
1798 1
1799 1
1800 1
1801 1
1802 1
1803 1
1804 0
1805 1
1806 0
1807 0
1808 0
1809 0
1810 0
1811 1
1812 1
1813 0
1814 0
1815 0
1816 1
1817 1
1818 0
1819 0
1820 0
1821 1
1822 0
1823 0
1824 1
1825 0
1826 1
1827 1
1828 1
1829 1
1830 1
1831 0
1832 0
1833 1
1834 0
1835 1
1836 0
1837 0
1839 1
1840 0
1841 0
1842 1
1843 1
1844 0
1845 0
1846 0
1847 1
1848 0
1849 0
1850 1
1851 1
1852 0
1853 1
1854 1
1855 0
1856 0
1857 1
1858 1
1859 0
1860 1
1861 1
1862 0
1863 1
1864 1
1865 0
1866 1
1867 0
1868 0
1869 1
1870 1
1871 1
1872 1
1873 1
1875 1
1876 1
1877 1
1878 0
1879 0
1880 0
1881 1
1882 0
1883 1
1884 0
1885 0
1886 0
1887 1
1888 1
1889 1
1890 0
1892 1
1893 0
1894 1
1895 1
1896 0
1897 1
1898 1
1899 1
1900 0
1901 0
1902 0
1903 1
1904 1
1905 0
1906 0
1907 0
1908 0
1910 0
1911 0
1912 0
1913 0
1914 0
1915 0
1916 1
1918 1
1919 1
1920 1
1921 0
1922 1
1923 1
1924 0
1925 1
1926 0
1927 0
1928 1
1929 0
1930 1
1932 1
1933 0
1934 0
1935 1
1936 0
1937 1
1938 1
1939 0
1940 1
1941 0
1942 1
1943 0
1944 0
1945 0
1946 1
1947 1
1948 1
1949 0
1950 1
1951 1
1952 0
1953 0
1954 1
1955 0
1956 0
1957 0
1958 0
1959 1
1960 1
1961 0
1962 0
1963 0
1964 0
1965 0
1966 1
1967 0
1968 0
1969 1
1970 1
1971 0
1972 0
1973 0
1974 0
1975 1
1976 1
1977 0
1979 1
1980 0
1981 1
1982 1
1983 1
1984 0
1985 0
1986 0
1987 0
1988 1
1989 0
1990 0
1991 1
1992 0
1993 0
1994 1
1995 0
1996 0
1997 1
1998 1
1999 1
2000 1
2002 0
2003 1
2004 0
2005 0
2006 0
2007 0
2008 0
2009 0
2010 0
2011 0
2012 1
2013 1
2014 1
2015 0
2016 0
2017 0
2018 0
2019 0
2020 1
2021 0
2022 1
2023 1
2024 1
2025 0
2026 0
2027 0
2028 0
2029 1
2030 0
2031 0
2032 0
2033 0
2034 1
2035 0
2036 0
2037 1
2038 1
2039 0
2040 0
2041 0
2042 0
2043 0
2044 1
2045 0
2046 0
2047 0
2048 0
2049 0
2050 0
2051 0
2052 0
2053 0
2054 1
2055 1
2056 0
2057 1
2058 1
2059 0
2060 1
2061 1
2062 0
2063 1
2064 0
2065 1
2066 0
2067 1
2068 0
2069 0
2070 1
2071 0
2073 1
2074 1
2075 1
2076 1
2077 1
2078 0
2079 0
2080 1
2081 1
2082 1
2083 0
2084 0
2085 0
2086 0
2087 0
2088 0
2089 0
2090 1
2091 0
2092 1
2093 1
2094 1
2095 0
2096 0
2097 0
2098 0
2099 0
2100 0
2101 1
2102 0
2103 1
2104 0
2105 0
2106 1
2107 1
2108 0
2109 1
2110 1
2111 1
2112 1
2113 1
2114 1
2115 1
2116 1
2117 1
2118 1
2119 0
2120 0
2121 0
2122 0
2123 1
2124 0
2125 0
2126 1
2127 0
2128 1
2129 0
2130 0
2131 1
2132 0
2133 1
2134 1
2135 1
2136 0
2137 0
2138 0
2139 1
2140 0
2141 1
2142 1
2143 0
2144 0
2145 0
2146 0
2147 0
2148 1
2149 0
2150 0
2151 1
2152 0
2153 1
2154 1
2155 0
2156 1
2157 1
2158 1
2159 1
2160 1
2161 0
2162 1
2163 0
2164 1
2165 0
2166 0
2167 1
2168 1
2169 0
2170 1
2171 1
2172 0
2173 1
2175 0
2176 0
2178 0
2179 0
2180 0
2181 0
2182 0
2183 0
2184 0
2185 0
2186 1
2187 0
2188 0
2189 1
2190 0
2191 0
2192 1
2193 0
2194 0
2195 0
2196 0
2197 0
2198 0
2199 0
2200 0
2201 0
2202 0
2203 0
2205 1
2206 0
2207 1
2208 1
2210 1
2211 0
2212 0
2213 0
2214 1
2216 0
2217 0
2218 0
2219 0
2220 0
2221 0
2222 0
2223 0
2224 1
2225 0
2226 0
2227 0
2228 1
2229 0
2231 1
2232 0
2233 0
2234 1
2235 0
2236 0
2237 1
2238 1
2239 1
2240 1
2241 1
2242 0
2243 0
2244 0
2245 1
2246 0
2247 0
2248 0
2249 0
2250 0
2251 1
2252 1
2253 0
2254 1
2255 0
2256 0
2257 0
2258 0
2259 0
2260 0
